# Accelerometer Data File
# Started @Wed Sep 20 13:23:02 GMT+02:00 2017
#
#
# sensor Vendor: Invensense
# sensor Name: MPU6500 Acceleration Sensor
# sensor Resolution: 5.985504E-4m/sec^2; Max Range: 19.6133; Min Delay: 5000 microseconds
# The sensor's attributes are the result hardware and the Android capabilities.
# It means that the Android may not utilize all features provided by the hardware.
#
# Some devices and Android versions save battery too much so the device may go to sleep.
# It just happens after couple of minutes from turning off the scree and it is easy to find it out.
#
# The following file provides the data from accelerometer in the m/s^2 format.
# The diff value is just a time delta between the samples
#
#
# data format:
# so we have 4 columns with values separated by the " "
# X Y Z time_from_previous_sample(ms)

# sensor speed set to:FASTEST
# units set to: m/sec^2
# gravity NOT filtered out
# Accuracy: HIGH
-0.089 0.248 9.837 0
-0.069 0.232 9.818 4
-0.077 0.243 9.848 5
-0.074 0.256 9.836 5
-0.059 0.238 9.864 5
-0.073 0.23 9.821 5
-0.059 0.25 9.87 5
-0.061 0.238 9.863 5
-0.056 0.219 9.818 5
-0.084 0.225 9.846 5
-0.068 0.238 9.854 5
-0.055 0.253 9.873 5
-0.068 0.241 9.837 5
-0.073 0.232 9.825 5
-0.055 0.224 9.834 4
-0.046 0.235 9.827 5
-0.048 0.249 9.83 6
-0.062 0.244 9.812 4
-0.046 0.234 9.836 5
-0.075 0.227 9.821 5
-0.073 0.22 9.847 5
-0.089 0.231 9.852 5
-0.079 0.225 9.835 5
-0.073 0.238 9.852 5
-0.061 0.229 9.846 5
-0.043 0.235 9.825 5
-0.042 0.231 9.871 5
-0.049 0.238 9.865 5
-0.065 0.232 9.865 5
-0.076 0.218 9.877 5
-0.075 0.224 9.863 5
-0.067 0.234 9.836 5
-0.075 0.234 9.861 5
-0.083 0.247 9.844 5
-0.084 0.238 9.856 4
-0.086 0.237 9.852 6
-0.091 0.234 9.826 5
-0.089 0.234 9.841 4
-0.074 0.216 9.819 5
-0.068 0.231 9.818 5
-0.07 0.25 9.82 5
-0.075 0.242 9.824 5
-0.08 0.256 9.867 5
-0.075 0.232 9.844 5
-0.074 0.227 9.806 5
-0.056 0.244 9.835 5
-0.053 0.247 9.828 5
-0.082 0.227 9.828 5
-0.076 0.242 9.837 5
-0.074 0.235 9.847 5
-0.047 0.225 9.862 5
-0.051 0.233 9.852 4
-0.056 0.23 9.833 6
-0.075 0.237 9.851 4
-0.085 0.247 9.846 5
-0.069 0.232 9.874 5
-0.073 0.25 9.858 5
-0.049 0.241 9.871 5
-0.06 0.22 9.86 5
-0.061 0.222 9.828 5
-0.067 0.241 9.884 5
-0.08 0.216 9.859 5
-0.059 0.216 9.829 5
-0.064 0.21 9.854 5
-0.058 0.207 9.859 5
-0.06 0.216 9.855 5
-0.084 0.234 9.853 4
-0.073 0.232 9.855 5
-0.077 0.235 9.818 6
-0.076 0.247 9.809 5
-0.074 0.235 9.832 4
-0.079 0.223 9.826 5
-0.074 0.222 9.818 5
-0.071 0.243 9.846 5
-0.077 0.246 9.829 5
-0.07 0.253 9.835 5
-0.067 0.222 9.832 5
-0.056 0.237 9.834 5
-0.059 0.209 9.83 5
-0.062 0.23 9.809 5
-0.058 0.215 9.846 5
-0.05 0.211 9.856 5
-0.045 0.22 9.863 5
-0.074 0.222 9.869 5
-0.065 0.223 9.846 5
-0.065 0.214 9.851 4
-0.065 0.243 9.852 6
-0.065 0.231 9.867 4
-0.059 0.216 9.858 6
-0.074 0.237 9.861 4
-0.061 0.243 9.884 5
-0.068 0.223 9.876 5
-0.06 0.238 9.85 5
-0.055 0.229 9.833 5
-0.062 0.231 9.842 5
-0.066 0.237 9.853 5
-0.08 0.229 9.852 5
-0.086 0.213 9.83 5
-0.084 0.226 9.828 5
-0.082 0.229 9.806 5
-0.066 0.229 9.853 5
-0.072 0.215 9.847 4
-0.073 0.226 9.855 5
-0.065 0.249 9.85 5
-0.062 0.237 9.84 6
-0.05 0.234 9.821 5
-0.062 0.249 9.822 4
-0.053 0.237 9.822 5
-0.073 0.228 9.832 5
-0.075 0.231 9.859 5
-0.037 0.217 9.816 5
-0.07 0.234 9.84 5
-0.062 0.232 9.866 5
-0.057 0.246 9.806 5
-0.059 0.254 9.836 5
-0.074 0.231 9.858 5
-0.062 0.226 9.839 5
-0.067 0.247 9.833 5
-0.074 0.256 9.846 5
-0.063 0.222 9.861 5
-0.091 0.217 9.803 5
-0.076 0.218 9.821 4
-0.055 0.218 9.851 5
-0.057 0.224 9.876 5
-0.062 0.229 9.837 6
-0.07 0.242 9.835 4
-0.048 0.249 9.818 5
-0.055 0.224 9.868 5
-0.051 0.243 9.831 5
-0.052 0.235 9.832 5
-0.041 0.228 9.849 5
-0.042 0.254 9.833 5
-0.066 0.243 9.869 5
-0.068 0.234 9.854 5
-0.062 0.232 9.845 5
-0.075 0.236 9.856 4
-0.068 0.235 9.821 6
-0.065 0.226 9.8 5
-0.076 0.238 9.828 4
-0.056 0.231 9.851 5
-0.073 0.213 9.851 6
-0.07 0.238 9.839 5
-0.072 0.246 9.813 4
-0.089 0.244 9.812 5
-0.101 0.243 9.83 5
-0.087 0.24 9.82 5
-0.096 0.242 9.822 5
-0.058 0.223 9.852 5
-0.049 0.231 9.855 5
-0.065 0.216 9.842 5
-0.051 0.219 9.862 5
-0.056 0.217 9.867 5
-0.049 0.232 9.823 5
-0.041 0.232 9.837 4
-0.044 0.231 9.818 5
-0.048 0.24 9.843 5
-0.051 0.25 9.855 6
-0.059 0.233 9.849 4
-0.07 0.227 9.84 5
-0.059 0.237 9.815 5
-0.048 0.234 9.827 5
-0.073 0.235 9.817 5
-0.073 0.259 9.807 5
-0.052 0.238 9.8 5
-0.069 0.219 9.818 5
-0.088 0.217 9.824 5
-0.088 0.247 9.841 5
-0.088 0.24 9.828 5
-0.079 0.241 9.825 5
-0.061 0.242 9.839 5
-0.062 0.251 9.846 5
-0.072 0.225 9.834 4
-0.074 0.216 9.865 6
-0.08 0.249 9.851 4
-0.075 0.242 9.835 5
-0.056 0.219 9.84 5
-0.054 0.217 9.855 5
-0.052 0.237 9.84 6
-0.04 0.217 9.871 4
-0.044 0.238 9.839 5
-0.052 0.228 9.846 5
-0.051 0.212 9.845 5
-0.062 0.223 9.835 5
-0.077 0.226 9.866 5
-0.076 0.229 9.882 5
-0.074 0.223 9.868 5
-0.065 0.235 9.855 5
-0.067 0.234 9.842 5
-0.077 0.244 9.873 5
-0.082 0.237 9.824 4
-0.083 0.235 9.822 5
-0.07 0.263 9.832 5
-0.072 0.24 9.806 6
-0.046 0.241 9.813 4
-0.062 0.272 9.832 5
-0.063 0.246 9.855 5
-0.073 0.238 9.816 5
-0.069 0.253 9.863 5
-0.06 0.251 9.828 5
-0.069 0.231 9.829 5
-0.062 0.214 9.802 5
-0.079 0.214 9.832 5
-0.071 0.226 9.84 5
-0.064 0.231 9.853 5
-0.061 0.24 9.865 5
-0.06 0.229 9.827 5
-0.077 0.225 9.844 4
-0.079 0.224 9.841 5
-0.066 0.234 9.817 7
-0.064 0.228 9.864 3
-0.056 0.218 9.848 5
-0.071 0.213 9.87 5
-0.057 0.214 9.858 5
-0.068 0.204 9.853 6
-0.062 0.233 9.812 4
-0.079 0.25 9.84 5
-0.062 0.228 9.831 5
-0.083 0.238 9.816 5
-0.083 0.24 9.828 5
-0.083 0.241 9.838 5
-0.072 0.22 9.844 5
-0.079 0.21 9.845 5
-0.059 0.237 9.858 5
-0.058 0.223 9.859 5
-0.059 0.253 9.849 4
-0.075 0.254 9.844 5
-0.075 0.237 9.87 5
-0.067 0.233 9.847 5
-0.046 0.207 9.842 5
-0.066 0.215 9.865 5
-0.079 0.228 9.85 5
-0.095 0.241 9.855 5
-0.082 0.22 9.851 5
-0.051 0.216 9.815 5
-0.073 0.228 9.865 5
-0.073 0.237 9.856 5
-0.083 0.235 9.865 5
-0.077 0.246 9.847 5
-0.065 0.229 9.849 5
-0.067 0.238 9.83 5
-0.083 0.234 9.844 5
-0.076 0.225 9.844 5
-0.084 0.226 9.813 5
-0.07 0.231 9.818 4
-0.076 0.209 9.856 6
-0.058 0.225 9.868 4
-0.053 0.226 9.841 5
-0.04 0.231 9.865 5
-0.046 0.24 9.829 5
-0.031 0.229 9.829 6
-0.034 0.208 9.868 4
-0.035 0.201 9.853 5
-0.031 0.237 9.847 5
-0.067 0.22 9.848 5
-0.071 0.233 9.832 5
-0.068 0.234 9.806 5
-0.05 0.233 9.837 5
-0.039 0.256 9.856 5
-0.029 0.244 9.825 4
-0.036 0.253 9.825 5
-0.056 0.238 9.841 5
-0.068 0.214 9.849 5
-0.082 0.234 9.823 5
-0.08 0.229 9.856 5
-0.076 0.251 9.848 5
-0.071 0.261 9.826 5
-0.05 0.227 9.846 5
-0.05 0.208 9.823 5
-0.06 0.216 9.832 5
-0.072 0.219 9.844 5
-0.058 0.229 9.849 5
-0.076 0.23 9.846 5
-0.061 0.232 9.856 5
-0.062 0.225 9.886 5
-0.043 0.241 9.878 5
-0.065 0.218 9.835 5
-0.055 0.211 9.813 5
-0.063 0.208 9.829 5
-0.063 0.208 9.829 4
-0.054 0.228 9.834 5
-0.06 0.217 9.84 6
-0.052 0.246 9.835 4
-0.081 0.227 9.85 5
-0.071 0.231 9.856 6
-0.077 0.224 9.849 4
-0.101 0.236 9.821 6
-0.086 0.244 9.839 4
-0.065 0.244 9.812 5
-0.052 0.25 9.825 5
-0.068 0.221 9.856 5
-0.068 0.253 9.852 5
-0.071 0.239 9.816 5
-0.085 0.214 9.847 5
-0.08 0.232 9.87 5
-0.076 0.223 9.853 4
-0.074 0.22 9.853 5
-0.083 0.214 9.84 5
-0.059 0.226 9.877 5
-0.049 0.228 9.856 5
-0.03 0.222 9.886 5
-0.047 0.23 9.862 5
-0.062 0.235 9.873 5
-0.076 0.251 9.852 5
-0.058 0.242 9.829 5
-0.072 0.248 9.85 5
-0.074 0.24 9.836 5
-0.077 0.243 9.849 5
-0.092 0.237 9.838 5
-0.068 0.226 9.827 5
-0.094 0.24 9.847 5
-0.087 0.244 9.868 4
-0.075 0.22 9.859 5
-0.073 0.248 9.838 5
-0.06 0.237 9.88 6
-0.062 0.25 9.824 4
-0.046 0.237 9.834 5
-0.049 0.235 9.81 5
-0.049 0.228 9.875 5
-0.068 0.237 9.883 5
-0.071 0.238 9.843 5
-0.058 0.232 9.841 5
-0.059 0.237 9.821 5
-0.048 0.256 9.842 5
-0.05 0.244 9.845 5
-0.044 0.238 9.85 5
-0.055 0.257 9.834 5
-0.076 0.223 9.862 5
-0.073 0.241 9.851 5
-0.055 0.223 9.858 5
-0.062 0.219 9.852 5
-0.086 0.213 9.811 4
-0.068 0.226 9.821 5
-0.076 0.236 9.849 5
-0.062 0.257 9.844 5
-0.065 0.235 9.874 5
-0.063 0.218 9.85 5
-0.079 0.228 9.844 5
-0.066 0.219 9.817 5
-0.064 0.22 9.841 5
-0.05 0.223 9.86 5
-0.071 0.219 9.849 5
-0.062 0.225 9.829 5
-0.064 0.237 9.836 5
-0.048 0.246 9.836 5
-0.059 0.251 9.832 5
-0.07 0.24 9.846 4
-0.065 0.23 9.867 6
-0.061 0.225 9.84 4
-0.053 0.227 9.842 5
-0.082 0.237 9.852 6
-0.061 0.233 9.838 4
-0.074 0.247 9.852 5
-0.062 0.237 9.836 5
-0.084 0.234 9.819 5
-0.064 0.233 9.859 5
-0.056 0.244 9.85 5
-0.064 0.228 9.821 5
-0.06 0.235 9.807 5
-0.047 0.229 9.824 5
-0.072 0.232 9.838 5
-0.065 0.219 9.853 5
-0.071 0.23 9.847 5
-0.079 0.24 9.868 4
-0.069 0.22 9.867 6
-0.061 0.241 9.84 5
-0.074 0.254 9.83 5
-0.079 0.222 9.808 4
-0.073 0.234 9.818 5
-0.079 0.236 9.857 5
-0.055 0.235 9.84 5
-0.055 0.218 9.822 5
-0.069 0.226 9.858 5
-0.068 0.238 9.842 5
-0.068 0.231 9.858 5
-0.061 0.223 9.829 5
-0.044 0.214 9.851 5
-0.033 0.228 9.848 5
-0.054 0.238 9.831 5
-0.056 0.239 9.801 5
-0.058 0.238 9.815 5
-0.049 0.244 9.847 4
-0.093 0.247 9.819 6
-0.083 0.253 9.846 4
-0.063 0.227 9.852 5
-0.099 0.213 9.858 5
-0.069 0.226 9.854 6
-0.068 0.231 9.864 4
-0.064 0.23 9.846 5
-0.064 0.221 9.838 5
-0.073 0.246 9.818 5
-0.075 0.253 9.858 5
-0.081 0.217 9.868 5
-0.068 0.238 9.824 5
-0.096 0.222 9.848 5
-0.076 0.208 9.879 5
-0.071 0.223 9.859 5
-0.065 0.225 9.843 5
-0.067 0.217 9.851 5
-0.05 0.222 9.888 5
-0.071 0.233 9.855 5
-0.058 0.238 9.844 5
-0.069 0.219 9.829 5
-0.09 0.216 9.832 4
-0.061 0.228 9.846 5
-0.066 0.222 9.847 5
-0.06 0.217 9.836 5
-0.089 0.241 9.822 5
-0.059 0.227 9.804 5
-0.064 0.228 9.869 5
-0.053 0.233 9.848 5
-0.107 0.252 9.843 5
-0.064 0.26 9.821 5
-0.086 0.229 9.856 5
-0.084 0.23 9.794 5
-0.077 0.247 9.875 5
-0.089 0.245 9.842 5
-0.086 0.242 9.828 5
-0.09 0.226 9.856 4
-0.079 0.222 9.839 5
-0.064 0.227 9.846 5
-0.049 0.214 9.853 5
-0.058 0.235 9.848 6
-0.059 0.226 9.868 4
-0.071 0.217 9.813 5
-0.076 0.232 9.824 5
-0.061 0.232 9.861 5
-0.058 0.226 9.86 5
-0.084 0.242 9.852 5
-0.086 0.235 9.852 5
-0.068 0.235 9.822 5
-0.068 0.235 9.822 5
-0.059 0.244 9.849 5
-0.059 0.213 9.828 5
-0.073 0.234 9.841 5
-0.062 0.237 9.843 5
-0.061 0.243 9.807 5
-0.079 0.229 9.8 5
-0.073 0.223 9.828 4
-0.09 0.234 9.832 5
-0.084 0.239 9.81 5
-0.076 0.24 9.821 5
-0.062 0.25 9.831 5
-0.083 0.233 9.825 5
-0.077 0.237 9.836 5
-0.071 0.234 9.825 5
-0.045 0.253 9.819 5
-0.092 0.241 9.809 5
-0.04 0.254 9.862 5
-0.104 0.265 9.834 5
-0.05 0.23 9.858 4
-0.087 0.237 9.834 6
-0.017 0.25 9.828 5
-0.104 0.234 9.846 4
-0.023 0.216 9.858 5
-0.069 0.25 9.786 5
-0.08 0.222 9.854 5
-0.062 0.204 9.788 5
-0.066 0.243 9.896 5
-0.067 0.26 9.792 5
-0.098 0.223 9.895 5
-0.033 0.225 9.786 5
-0.106 0.212 9.903 5
-0.055 0.184 9.821 5
-0.086 0.204 9.859 5
-0.089 0.26 9.765 5
-0.116 0.229 9.882 5
-0.041 0.222 9.818 4
-0.075 0.204 9.867 5
-0.058 0.231 9.838 5
-0.07 0.242 9.853 5
-0.041 0.241 9.816 5
-0.082 0.248 9.811 5
-0.056 0.225 9.882 5
-0.051 0.23 9.8 5
-0.074 0.24 9.842 5
-0.077 0.261 9.824 5
-0.066 0.246 9.838 5
-0.062 0.251 9.797 5
-0.07 0.225 9.844 5
-0.035 0.225 9.821 5
-0.086 0.234 9.863 5
-0.077 0.235 9.836 5
-0.068 0.222 9.882 5
-0.06 0.231 9.855 5
-0.056 0.247 9.885 5
-0.038 0.235 9.83 4
-0.064 0.243 9.869 6
-0.044 0.246 9.867 4
-0.084 0.241 9.856 5
-0.079 0.224 9.858 5
-0.083 0.21 9.874 5
-0.081 0.21 9.849 5
-0.073 0.222 9.836 5
-0.066 0.236 9.88 5
-0.071 0.246 9.813 5
-0.072 0.251 9.863 5
-0.056 0.234 9.832 5
-0.077 0.247 9.84 5
-0.056 0.241 9.799 5
-0.086 0.248 9.84 5
-0.086 0.256 9.85 5
-0.073 0.243 9.867 5
-0.068 0.226 9.837 4
-0.073 0.214 9.879 5
-0.081 0.228 9.845 5
-0.074 0.244 9.834 5
-0.062 0.248 9.847 5
-0.039 0.234 9.822 5
-0.059 0.251 9.832 5
-0.083 0.24 9.869 5
-0.065 0.237 9.829 5
-0.08 0.245 9.846 5
-0.102 0.244 9.865 5
-0.08 0.22 9.844 5
-0.077 0.213 9.846 5
-0.056 0.226 9.827 5
-0.071 0.238 9.855 5
-0.038 0.236 9.861 5
-0.053 0.229 9.847 5
-0.043 0.24 9.828 5
-0.065 0.24 9.828 5
-0.067 0.238 9.831 4
-0.045 0.237 9.862 5
-0.056 0.218 9.851 5
-0.062 0.234 9.838 5
-0.073 0.237 9.818 5
-0.047 0.242 9.834 5
-0.064 0.235 9.832 5
-0.047 0.248 9.865 5
-0.067 0.234 9.829 5
-0.059 0.234 9.813 5
-0.038 0.237 9.848 5
-0.031 0.231 9.835 5
-0.056 0.237 9.832 5
-0.07 0.247 9.871 5
-0.069 0.259 9.832 4
-0.064 0.246 9.843 6
-0.082 0.237 9.82 5
-0.05 0.216 9.82 4
-0.065 0.228 9.838 5
-0.062 0.244 9.852 5
-0.066 0.253 9.863 5
-0.067 0.243 9.831 5
-0.06 0.246 9.847 5
-0.062 0.222 9.847 5
-0.03 0.24 9.847 5
-0.067 0.248 9.834 5
-0.066 0.216 9.84 5
-0.075 0.222 9.85 5
-0.08 0.236 9.834 5
-0.06 0.235 9.827 5
-0.062 0.238 9.797 5
-0.061 0.25 9.822 5
-0.057 0.246 9.867 5
-0.063 0.226 9.841 5
-0.058 0.216 9.846 5
-0.1 0.224 9.834 5
-0.093 0.22 9.861 4
-0.076 0.229 9.801 5
-0.086 0.219 9.836 5
-0.06 0.24 9.816 5
-0.078 0.254 9.825 5
-0.064 0.245 9.867 5
-0.077 0.242 9.846 5
-0.06 0.224 9.838 5
-0.076 0.225 9.846 5
-0.068 0.232 9.837 5
-0.086 0.236 9.825 5
-0.08 0.239 9.827 5
-0.061 0.215 9.829 5
-0.044 0.229 9.847 4
-0.06 0.242 9.872 5
-0.046 0.238 9.85 5
-0.064 0.238 9.831 6
-0.055 0.232 9.861 4
-0.047 0.235 9.838 6
-0.061 0.236 9.864 4
-0.055 0.222 9.837 5
-0.082 0.239 9.843 5
-0.081 0.232 9.828 5
-0.078 0.232 9.823 5
-0.085 0.232 9.834 5
-0.06 0.219 9.857 5
-0.058 0.235 9.847 5
-0.065 0.239 9.857 5
-0.057 0.244 9.83 5
-0.069 0.244 9.812 5
-0.056 0.22 9.837 5
-0.072 0.225 9.863 4
-0.046 0.232 9.882 5
-0.047 0.22 9.829 5
-0.067 0.241 9.829 5
-0.059 0.239 9.801 5
-0.046 0.24 9.829 5
-0.064 0.215 9.813 5
-0.067 0.211 9.817 5
-0.076 0.224 9.824 5
-0.075 0.219 9.835 5
-0.08 0.232 9.879 5
-0.051 0.238 9.873 5
-0.074 0.22 9.872 5
-0.062 0.227 9.843 5
-0.081 0.228 9.83 5
-0.052 0.25 9.84 5
-0.052 0.25 9.841 5
-0.04 0.238 9.839 5
-0.032 0.237 9.828 5
-0.072 0.224 9.813 5
-0.063 0.219 9.825 4
-0.066 0.22 9.809 6
-0.074 0.236 9.83 4
-0.057 0.232 9.848 5
-0.077 0.238 9.827 5
-0.087 0.206 9.824 5
-0.059 0.238 9.804 5
-0.072 0.234 9.844 5
-0.061 0.247 9.841 5
-0.068 0.253 9.84 5
-0.059 0.236 9.851 5
-0.058 0.205 9.835 5
-0.059 0.239 9.854 5
-0.069 0.238 9.859 5
-0.065 0.229 9.822 5
-0.08 0.232 9.836 5
-0.084 0.223 9.822 5
-0.089 0.213 9.831 4
-0.083 0.235 9.831 5
-0.056 0.212 9.828 5
-0.059 0.222 9.828 5
-0.048 0.219 9.845 5
-0.06 0.219 9.83 5
-0.061 0.217 9.836 5
-0.044 0.223 9.84 5
-0.067 0.235 9.834 5
-0.072 0.239 9.829 5
-0.063 0.221 9.817 5
-0.09 0.202 9.858 5
-0.08 0.204 9.849 5
-0.084 0.222 9.87 5
-0.061 0.244 9.835 5
-0.073 0.235 9.837 5
-0.079 0.244 9.832 4
-0.045 0.248 9.837 5
-0.061 0.232 9.822 5
-0.058 0.241 9.831 5
-0.062 0.24 9.832 6
-0.064 0.22 9.858 4
-0.058 0.264 9.862 5
-0.088 0.224 9.853 5
-0.079 0.231 9.829 5
-0.09 0.232 9.843 5
-0.083 0.241 9.87 5
-0.089 0.225 9.863 5
-0.06 0.216 9.849 5
-0.061 0.24 9.853 5
-0.08 0.231 9.853 5
-0.098 0.229 9.818 5
-0.059 0.218 9.838 5
-0.064 0.24 9.84 4
-0.073 0.24 9.864 5
-0.052 0.24 9.839 5
-0.068 0.238 9.85 5
-0.076 0.213 9.835 5
-0.087 0.229 9.84 5
-0.072 0.216 9.856 5
-0.086 0.254 9.846 5
-0.066 0.229 9.828 5
-0.068 0.231 9.843 5
-0.043 0.21 9.844 5
-0.067 0.216 9.853 5
-0.071 0.25 9.864 5
-0.077 0.237 9.868 5
-0.058 0.234 9.846 5
-0.058 0.234 9.832 5
-0.065 0.229 9.847 4
-0.082 0.229 9.838 5
-0.092 0.236 9.828 6
-0.076 0.233 9.831 4
-0.064 0.226 9.814 5
-0.049 0.247 9.856 5
-0.044 0.233 9.838 5
-0.043 0.232 9.837 6
-0.053 0.231 9.86 4
-0.056 0.229 9.891 5
-0.086 0.228 9.866 5
-0.077 0.202 9.891 5
-0.071 0.223 9.834 5
-0.055 0.244 9.855 5
-0.052 0.233 9.821 5
-0.049 0.238 9.849 5
-0.032 0.234 9.801 5
-0.025 0.238 9.813 5
-0.049 0.226 9.824 5
-0.076 0.259 9.838 5
-0.079 0.256 9.825 5
-0.054 0.22 9.822 4
-0.048 0.244 9.816 5
-0.092 0.217 9.832 5
-0.083 0.199 9.834 5
-0.088 0.231 9.824 5
-0.084 0.227 9.85 6
-0.074 0.247 9.816 4
-0.062 0.246 9.852 5
-0.044 0.241 9.838 5
-0.04 0.228 9.841 5
-0.034 0.217 9.84 5
-0.06 0.222 9.879 5
-0.061 0.211 9.864 5
-0.065 0.213 9.868 5
-0.062 0.25 9.871 5
-0.047 0.225 9.861 5
-0.064 0.23 9.826 5
-0.062 0.247 9.859 5
-0.084 0.233 9.84 4
-0.093 0.229 9.861 5
-0.098 0.229 9.852 5
-0.093 0.235 9.821 5
-0.103 0.226 9.811 6
-0.073 0.235 9.817 4
-0.067 0.237 9.824 5
-0.086 0.243 9.857 5
-0.099 0.219 9.85 5
-0.079 0.217 9.806 5
-0.071 0.22 9.807 5
-0.084 0.222 9.822 5
-0.056 0.227 9.837 5
-0.059 0.239 9.85 5
-0.034 0.241 9.841 5
-0.035 0.241 9.832 5
-0.035 0.246 9.828 4
-0.05 0.234 9.806 5
-0.071 0.223 9.807 5
-0.041 0.223 9.814 5
-0.058 0.248 9.83 5
-0.078 0.245 9.865 5
-0.081 0.247 9.843 5
-0.078 0.224 9.84 5
-0.058 0.222 9.855 5
-0.058 0.232 9.841 5
-0.088 0.217 9.847 5
-0.088 0.223 9.858 5
-0.092 0.209 9.792 5
-0.062 0.234 9.819 5
-0.049 0.227 9.847 5
-0.061 0.242 9.853 5
-0.049 0.233 9.858 5
-0.049 0.233 9.858 5
-0.05 0.238 9.825 4
-0.054 0.243 9.835 6
-0.061 0.24 9.829 4
-0.061 0.216 9.818 5
-0.075 0.225 9.841 5
-0.062 0.223 9.844 5
-0.052 0.225 9.822 6
-0.052 0.217 9.835 4
-0.056 0.222 9.843 5
-0.056 0.234 9.837 5
-0.092 0.23 9.835 5
-0.095 0.247 9.822 5
-0.072 0.239 9.834 5
-0.074 0.226 9.84 5
-0.097 0.227 9.837 5
-0.078 0.225 9.869 5
-0.095 0.226 9.828 5
-0.072 0.24 9.868 5
-0.083 0.22 9.868 4
-0.068 0.237 9.843 5
-0.064 0.231 9.843 5
-0.06 0.223 9.822 5
-0.067 0.226 9.821 5
-0.058 0.217 9.847 5
-0.07 0.22 9.868 5
-0.089 0.237 9.856 5
-0.079 0.228 9.869 5
-0.066 0.219 9.855 5
-0.078 0.226 9.866 5
-0.056 0.22 9.821 5
-0.073 0.234 9.815 5
-0.068 0.246 9.816 5
-0.066 0.238 9.825 4
-0.068 0.241 9.835 5
-0.072 0.232 9.816 6
-0.083 0.223 9.82 4
-0.081 0.229 9.811 5
-0.071 0.235 9.818 5
-0.074 0.24 9.812 5
-0.063 0.228 9.835 5
-0.063 0.226 9.825 5
-0.038 0.238 9.833 5
-0.046 0.244 9.832 5
-0.031 0.234 9.808 5
-0.046 0.225 9.851 5
-0.044 0.222 9.821 5
-0.056 0.24 9.837 5
-0.063 0.238 9.817 5
-0.058 0.237 9.856 5
-0.049 0.242 9.845 5
-0.075 0.232 9.807 5
-0.058 0.223 9.843 4
-0.079 0.217 9.859 6
-0.057 0.22 9.835 4
-0.076 0.215 9.825 5
-0.08 0.222 9.818 5
-0.079 0.215 9.856 5
-0.079 0.216 9.847 5
-0.059 0.217 9.853 5
-0.086 0.232 9.876 5
-0.069 0.226 9.876 5
-0.044 0.235 9.85 5
-0.073 0.241 9.838 5
-0.073 0.254 9.838 5
-0.061 0.25 9.807 5
-0.056 0.238 9.829 5
-0.056 0.234 9.832 5
-0.08 0.236 9.826 5
-0.07 0.253 9.823 4
-0.07 0.232 9.803 6
-0.08 0.235 9.813 5
-0.076 0.264 9.83 4
-0.065 0.237 9.827 5
-0.079 0.244 9.826 5
-0.081 0.22 9.848 5
-0.078 0.228 9.835 5
-0.067 0.222 9.847 5
-0.067 0.244 9.859 5
-0.052 0.229 9.861 5
-0.067 0.234 9.87 5
-0.059 0.217 9.874 5
-0.05 0.21 9.847 5
-0.053 0.224 9.879 5
-0.045 0.23 9.876 5
-0.045 0.227 9.837 5
-0.062 0.242 9.882 5
-0.053 0.219 9.858 5
-0.065 0.235 9.847 4
-0.064 0.239 9.835 5
-0.061 0.237 9.824 5
-0.083 0.24 9.828 5
-0.083 0.235 9.822 5
-0.062 0.226 9.856 5
-0.08 0.231 9.816 5
-0.079 0.254 9.825 5
-0.051 0.237 9.83 5
-0.054 0.226 9.844 5
-0.076 0.243 9.834 5
-0.066 0.235 9.855 5
-0.052 0.231 9.856 5
-0.07 0.24 9.838 5
-0.061 0.222 9.849 5
-0.063 0.234 9.848 5
-0.069 0.238 9.841 5
-0.075 0.231 9.821 4
-0.071 0.224 9.828 6
-0.07 0.215 9.838 5
-0.055 0.242 9.852 4
-0.043 0.24 9.833 5
-0.061 0.241 9.821 5
-0.077 0.243 9.834 5
-0.065 0.251 9.819 5
-0.073 0.229 9.844 5
-0.055 0.23 9.828 5
-0.074 0.25 9.852 5
-0.062 0.235 9.867 5
-0.065 0.201 9.884 5
-0.07 0.22 9.835 5
-0.061 0.213 9.827 5
-0.074 0.219 9.813 5
-0.086 0.238 9.832 5
-0.067 0.213 9.854 5
-0.056 0.232 9.844 4
-0.077 0.261 9.831 5
-0.054 0.231 9.84 5
-0.061 0.248 9.824 5
-0.073 0.25 9.847 5
-0.074 0.225 9.822 5
-0.056 0.238 9.829 5
-0.049 0.219 9.828 5
-0.056 0.235 9.836 5
-0.068 0.244 9.812 5
-0.077 0.253 9.852 5
-0.058 0.239 9.827 5
-0.041 0.229 9.845 5
-0.068 0.225 9.855 5
-0.062 0.226 9.834 4
-0.053 0.224 9.851 5
-0.061 0.235 9.847 5
-0.065 0.226 9.831 5
-0.06 0.228 9.839 5
-0.05 0.229 9.851 6
-0.052 0.228 9.841 4
-0.064 0.214 9.902 5
-0.044 0.236 9.859 5
-0.079 0.235 9.849 5
-0.07 0.228 9.856 5
-0.068 0.239 9.817 5
-0.058 0.222 9.849 5
-0.054 0.237 9.843 5
-0.048 0.231 9.827 5
-0.048 0.231 9.827 5
-0.049 0.237 9.857 5
-0.064 0.239 9.86 5
-0.065 0.265 9.839 4
-0.067 0.24 9.802 5
-0.064 0.251 9.807 6
-0.055 0.248 9.829 5
-0.055 0.245 9.837 4
-0.058 0.248 9.858 5
-0.073 0.27 9.828 5
-0.059 0.263 9.837 5
-0.081 0.236 9.839 5
-0.064 0.245 9.842 5
-0.07 0.24 9.854 5
-0.081 0.211 9.845 5
-0.086 0.24 9.822 5
-0.084 0.232 9.838 5
-0.08 0.212 9.849 5
-0.071 0.201 9.839 5
-0.067 0.207 9.855 5
-0.074 0.203 9.842 5
-0.084 0.232 9.848 5
-0.09 0.217 9.857 4
-0.052 0.211 9.877 5
-0.086 0.231 9.876 6
-0.073 0.241 9.87 4
-0.07 0.232 9.874 5
-0.071 0.237 9.853 5
-0.05 0.24 9.827 5
-0.044 0.225 9.823 5
-0.049 0.236 9.859 5
-0.052 0.243 9.846 5
-0.041 0.251 9.823 5
-0.055 0.239 9.833 5
-0.07 0.246 9.841 5
-0.07 0.26 9.819 5
-0.082 0.246 9.82 5
-0.06 0.241 9.84 5
-0.063 0.235 9.849 5
-0.052 0.237 9.82 4
-0.055 0.226 9.836 5
-0.061 0.254 9.84 5
-0.062 0.24 9.832 6
-0.071 0.25 9.841 4
-0.064 0.252 9.859 5
-0.077 0.232 9.856 5
-0.096 0.247 9.841 5
-0.104 0.246 9.858 5
-0.079 0.218 9.865 5
-0.077 0.22 9.862 5
-0.065 0.23 9.858 5
-0.056 0.238 9.831 5
-0.07 0.237 9.824 5
-0.051 0.233 9.863 5
-0.065 0.223 9.88 5
-0.084 0.223 9.85 5
-0.063 0.234 9.878 4
-0.061 0.248 9.846 5
-0.064 0.23 9.846 5
-0.067 0.217 9.854 5
-0.082 0.217 9.86 5
-0.055 0.235 9.835 5
-0.058 0.224 9.84 5
-0.045 0.246 9.849 5
-0.074 0.235 9.863 5
-0.07 0.24 9.839 5
-0.064 0.238 9.832 5
-0.068 0.227 9.849 5
-0.07 0.239 9.845 5
-0.086 0.245 9.873 5
-0.041 0.25 9.824 5
-0.062 0.235 9.834 5
-0.064 0.217 9.837 5
-0.058 0.236 9.841 4
-0.058 0.256 9.828 5
-0.055 0.236 9.818 5
-0.066 0.227 9.837 5
-0.059 0.225 9.863 5
-0.049 0.228 9.881 5
-0.069 0.223 9.832 5
-0.071 0.207 9.843 5
-0.064 0.223 9.843 5
-0.05 0.224 9.85 5
-0.073 0.222 9.853 5
-0.076 0.235 9.859 5
-0.088 0.237 9.864 5
-0.062 0.237 9.855 5
-0.076 0.252 9.838 5
-0.061 0.241 9.849 5
-0.04 0.234 9.849 4
-0.053 0.232 9.868 6
-0.082 0.246 9.825 4
-0.062 0.22 9.843 5
-0.067 0.228 9.834 5
-0.049 0.232 9.813 5
-0.055 0.233 9.838 5
-0.041 0.261 9.846 5
-0.063 0.229 9.851 5
-0.049 0.224 9.859 5
-0.049 0.221 9.824 5
-0.055 0.249 9.864 5
-0.062 0.24 9.835 5
-0.057 0.22 9.863 5
-0.052 0.237 9.858 5
-0.039 0.234 9.843 5
-0.06 0.244 9.86 5
-0.074 0.247 9.843 5
-0.046 0.217 9.864 5
-0.069 0.237 9.829 5
-0.07 0.232 9.816 4
-0.075 0.226 9.852 5
-0.081 0.21 9.827 5
-0.068 0.22 9.801 5
-0.064 0.227 9.857 5
-0.082 0.24 9.858 5
-0.087 0.243 9.868 5
-0.082 0.243 9.837 5
-0.067 0.226 9.829 5
-0.077 0.225 9.867 5
-0.086 0.237 9.89 5
-0.071 0.248 9.846 5
-0.067 0.225 9.865 5
-0.056 0.222 9.85 5
-0.05 0.236 9.873 5
-0.05 0.237 9.85 5
-0.052 0.239 9.829 4
-0.061 0.248 9.852 6
-0.073 0.219 9.852 4
-0.07 0.226 9.856 5
-0.059 0.244 9.843 5
-0.041 0.238 9.846 5
-0.061 0.228 9.832 5
-0.059 0.228 9.815 5
-0.073 0.233 9.821 5
-0.061 0.236 9.834 5
-0.099 0.229 9.815 5
-0.091 0.231 9.825 5
-0.083 0.232 9.838 5
-0.071 0.24 9.845 5
-0.08 0.243 9.837 5
-0.077 0.212 9.829 5
-0.069 0.25 9.85 5
-0.06 0.22 9.861 5
-0.063 0.237 9.849 5
-0.076 0.231 9.861 4
-0.059 0.225 9.85 5
-0.053 0.226 9.865 5
-0.046 0.237 9.871 5
-0.062 0.239 9.794 5
-0.084 0.231 9.918 5
-0.076 0.233 9.794 5
-0.061 0.222 9.833 5
-0.087 0.238 9.821 5
-0.064 0.236 9.846 5
-0.065 0.238 9.835 5
-0.072 0.232 9.811 5
-0.077 0.237 9.829 5
-0.084 0.229 9.821 5
-0.079 0.229 9.812 5
-0.049 0.249 9.845 5
-0.061 0.256 9.84 5
-0.049 0.216 9.871 5
-0.082 0.24 9.824 5
-0.084 0.254 9.861 4
-0.07 0.241 9.848 5
-0.056 0.224 9.862 5
-0.059 0.235 9.821 5
-0.071 0.225 9.836 5
-0.067 0.238 9.81 5
-0.04 0.231 9.818 5
-0.077 0.233 9.837 5
-0.064 0.223 9.815 5
-0.055 0.228 9.857 5
-0.052 0.256 9.848 5
-0.06 0.234 9.871 5
-0.056 0.239 9.852 5
-0.074 0.223 9.871 5
-0.051 0.204 9.842 5
-0.058 0.217 9.854 5
-0.058 0.213 9.844 5
-0.052 0.231 9.847 4
-0.061 0.222 9.867 5
-0.084 0.224 9.831 5
-0.048 0.243 9.85 5
-0.071 0.226 9.827 5
-0.061 0.227 9.858 5
-0.074 0.234 9.824 5
-0.077 0.226 9.858 5
-0.082 0.234 9.84 5
-0.084 0.227 9.853 5
-0.087 0.243 9.852 5
-0.069 0.247 9.855 5
-0.064 0.253 9.827 5
-0.067 0.24 9.846 5
-0.069 0.228 9.83 4
-0.058 0.231 9.832 5
-0.061 0.217 9.839 5
-0.045 0.225 9.847 5
-0.044 0.226 9.878 5
-0.05 0.225 9.832 5
-0.061 0.242 9.818 5
-0.064 0.237 9.853 5
-0.045 0.234 9.838 5
-0.061 0.22 9.856 5
-0.046 0.225 9.843 5
-0.058 0.231 9.838 5
-0.072 0.235 9.828 5
-0.074 0.224 9.834 5
-0.057 0.228 9.816 5
-0.052 0.214 9.844 5
-0.056 0.216 9.832 5
-0.07 0.228 9.825 5
-0.079 0.209 9.838 5
-0.059 0.201 9.797 4
-0.079 0.23 9.849 5
-0.079 0.229 9.861 6
-0.096 0.221 9.862 4
-0.076 0.243 9.826 5
-0.068 0.248 9.878 5
-0.068 0.234 9.836 5
-0.073 0.243 9.854 5
-0.076 0.233 9.829 5
-0.064 0.235 9.828 5
-0.055 0.239 9.801 5
-0.071 0.247 9.835 5
-0.067 0.26 9.828 5
-0.071 0.237 9.82 5
-0.074 0.233 9.837 5
-0.068 0.238 9.83 5
-0.087 0.231 9.847 4
-0.071 0.246 9.847 5
-0.067 0.236 9.822 5
-0.073 0.231 9.806 5
-0.084 0.223 9.836 5
-0.065 0.231 9.82 5
-0.071 0.232 9.808 5
-0.098 0.232 9.943 5
-0.063 0.211 9.845 5
-0.078 0.212 9.893 5
-0.07 0.231 9.847 5
-0.054 0.238 9.81 5
-0.062 0.216 9.816 5
-0.064 0.237 9.841 5
-0.057 0.232 9.854 5
-0.043 0.242 9.849 5
-0.076 0.223 9.84 5
-0.086 0.208 9.849 5
-0.087 0.217 9.834 4
-0.1 0.236 9.831 6
-0.077 0.24 9.841 4
-0.061 0.248 9.839 5
-0.07 0.234 9.852 6
-0.036 0.223 9.835 4
-0.058 0.228 9.847 5
-0.069 0.235 9.865 5
-0.054 0.235 9.809 5
-0.073 0.235 9.86 5
-0.052 0.231 9.822 5
-0.058 0.24 9.832 5
-0.065 0.226 9.838 5
-0.075 0.225 9.831 5
-0.041 0.236 9.801 5
-0.042 0.238 9.848 5
-0.065 0.241 9.822 4
-0.086 0.218 9.849 5
-0.061 0.223 9.839 5
-0.068 0.237 9.884 5
-0.07 0.224 9.815 6
-0.082 0.237 9.857 4
-0.07 0.222 9.832 5
-0.061 0.246 9.818 5
-0.094 0.249 9.833 5
-0.071 0.236 9.845 5
-0.058 0.259 9.801 5
-0.078 0.243 9.819 5
-0.061 0.244 9.829 5
-0.063 0.186 9.827 5
0.002 0.088 9.824 5
0.071 -0.046 9.838 5
0.189 -0.293 9.869 5
0.134 -0.754 9.891 5
-0.018 -1.09 9.904 4
0.057 -1.483 9.853 6
-0.059 -1.726 9.835 4
-0.171 -1.955 9.824 5
-0.284 -2.126 9.768 5
-0.397 -2.224 9.759 5
-0.492 -2.217 9.8 6
-0.563 -2.139 9.797 4
-0.628 -1.977 9.876 5
-0.704 -1.813 9.869 5
-0.682 -1.631 9.868 5
-0.624 -1.407 9.873 5
-0.557 -1.175 9.858 5
-0.492 -0.879 9.858 5
-0.453 -0.684 9.849 5
-0.469 -0.55 9.858 5
-0.46 -0.353 9.833 5
-0.583 -0.143 9.851 5
-0.752 -0.008 9.876 5
-0.828 0.14 9.867 5
-0.856 0.277 9.796 4
-0.864 0.401 9.879 5
-0.887 0.445 9.9 5
-0.897 0.48 9.918 5
-0.828 0.421 9.816 5
-0.723 0.302 9.845 7
-0.617 0.166 9.836 3
-0.524 0.036 9.879 5
-0.418 -0.152 9.921 5
-0.322 -0.359 9.883 5
-0.289 -0.521 9.901 5
-0.246 -0.729 9.928 5
-0.213 -0.883 9.924 5
-0.214 -0.982 9.925 5
-0.311 -0.926 9.782 5
-0.381 -0.751 9.758 4
-0.397 -0.453 9.73 6
-0.389 -0.07 9.806 5
-0.356 0.358 9.919 4
-0.329 0.765 9.877 5
-0.358 1.094 9.899 5
-0.387 1.389 10.091 6
-0.375 1.598 10.144 5
-0.402 1.705 10.242 4
-0.421 1.542 10.456 5
-0.397 1.068 10.491 5
-0.326 0.568 10.544 5
-0.21 0.155 10.613 5
-0.108 -0.123 10.545 5
-0.045 -0.266 10.493 5
0.026 -0.304 10.38 5
0.108 -0.271 10.228 5
0.147 -0.095 10.073 5
0.207 0.192 10.042 5
0.196 0.414 9.806 4
0.228 0.696 9.603 5
0.214 0.863 9.436 5
0.177 0.835 9.296 6
0.144 0.756 9.08 4
0.095 0.541 8.967 5
0.019 0.256 9.002 5
-0.005 -0.005 9.118 5
-0.02 -0.085 9.248 5
-0.032 -0.147 9.201 5
-0.02 -0.065 8.998 5
0.008 0.18 8.933 5
0.033 0.599 8.854 5
0.081 1.072 8.766 5
0.108 1.608 8.733 5
0.172 2.186 8.613 5
0.17 2.728 8.768 5
0.104 3.145 8.777 5
0.064 3.473 8.784 4
0.076 3.672 8.808 6
0.139 3.763 8.649 4
0.23 3.733 8.647 5
0.374 3.729 8.589 5
0.51 3.745 8.491 6
0.645 3.699 8.468 5
0.757 3.605 8.412 4
0.812 3.478 8.203 5
0.932 3.619 8.055 5
1.03 3.91 8.141 5
1.137 4.339 7.982 5
1.149 4.961 7.903 5
1.03 5.281 7.854 5
0.815 5.469 7.92 5
0.627 5.474 8.05 5
0.358 5.198 8.209 4
0.172 4.884 8.269 6
0.092 4.363 8.097 4
0.131 3.912 7.863 5
0.086 3.552 7.715 5
-0.055 3.415 7.604 6
-0.215 3.485 7.43 4
-0.436 3.702 7.322 5
-0.593 4.049 7.463 5
-0.713 4.145 6.56 5
-0.727 4.526 5.042 5
-0.751 5.09 5.664 5
-0.687 5.857 8.064 5
-0.582 6.47 9.156 5
-0.417 6.778 8.973 5
-0.135 6.725 8.593 5
0.032 6.505 8.337 5
0.022 6.271 8.191 5
-0.008 6.277 8.149 5
-0.081 6.324 8.203 5
-0.187 6.323 8.157 4
-0.398 6.305 8.2 6
-0.586 6.525 8.25 4
-0.677 6.784 8.28 5
-0.743 6.821 8.174 5
-0.791 6.675 8.195 5
-0.882 6.402 8.128 6
-1.013 6.26 8.175 4
-1.054 6.111 8.319 5
-0.969 5.827 8.334 5
-0.776 5.661 8.252 5
-0.457 5.464 8.231 5
-0.292 5.451 8.246 5
0.007 5.261 8.294 5
0.115 5.206 8.248 5
0.299 5.084 8.179 4
0.401 4.97 8.134 6
0.286 4.902 8.249 5
0.111 4.815 8.306 4
-0.018 4.808 8.221 5
-0.191 4.837 8.178 5
-0.386 4.994 8.118 5
-0.682 5.209 8.155 5
-0.873 5.632 8.263 5
-1.079 6.369 9.021 5
-1.12 6.995 8.276 5
-1.039 7.426 8.139 5
-0.906 7.7 8.041 5
-0.821 7.801 8.097 5
-0.827 7.727 8.182 5
-0.737 7.493 8.189 5
-0.59 7.175 7.997 4
-0.371 6.77 8.107 5
-0.232 6.595 8.123 6
-0.257 6.557 8.213 5
-0.362 6.618 8.237 4
-0.445 6.678 8.243 5
-0.426 6.74 8.228 5
-0.475 6.667 8.251 5
-0.666 6.643 8.264 5
-0.726 6.441 8.345 5
-0.718 6.311 8.296 5
-0.543 6.09 8.288 6
-0.368 5.94 8.257 4
-0.375 5.942 8.23 5
-0.389 5.975 8.264 5
-0.339 6.072 8.283 5
-0.331 6.171 8.226 5
-0.305 6.26 8.133 5
-0.332 6.299 8.215 5
-0.339 6.312 8.18 5
-0.288 6.403 8.238 4
-0.257 6.439 8.254 5
-0.169 6.37 8.215 6
-0.144 6.4 8.218 4
-0.155 6.492 8.228 5
-0.197 6.414 8.222 5
-0.231 6.329 8.219 5
-0.315 6.264 8.234 5
-0.402 6.208 8.265 5
-0.382 6.048 8.28 5
-0.332 5.921 8.23 5
-0.314 5.816 8.242 5
-0.229 5.658 8.223 5
-0.214 5.542 8.255 5
-0.187 5.383 8.246 5
-0.201 5.298 8.227 4
-0.188 5.313 8.284 6
-0.163 5.327 8.233 5
-0.127 5.392 8.214 5
-0.179 5.711 8.213 5
-0.179 5.711 8.213 4
-0.168 5.503 8.222 5
-0.166 5.424 8.23 6
-0.176 5.39 8.226 4
-0.177 5.391 8.222 5
-0.187 5.413 8.22 5
-0.181 5.397 8.202 5
-0.175 5.417 8.218 5
-0.165 5.402 8.239 5
-0.189 5.397 8.214 5
-0.178 5.403 8.192 5
-0.177 5.382 8.212 5
-0.184 5.412 8.216 4
-0.184 5.392 8.274 5
-0.179 5.387 8.261 6
-0.17 5.37 8.27 4
-0.186 5.382 8.235 5
-0.175 5.39 8.262 5
-0.172 5.412 8.271 5
-0.157 5.415 8.237 5
-0.169 5.386 8.189 5
-0.171 5.388 8.228 5
-0.15 5.404 8.189 5
-0.167 5.4 8.159 5
-0.161 5.4 8.2 5
-0.141 5.408 8.218 5
-0.157 5.391 8.201 5
-0.156 5.401 8.215 5
-0.146 5.388 8.253 5
-0.128 5.38 8.233 5
-0.135 5.406 8.223 5
-0.155 5.399 8.221 4
-0.164 5.38 8.213 6
-0.166 5.398 8.23 4
-0.159 5.404 8.196 6
-0.155 5.388 8.24 5
-0.155 5.39 8.214 4
-0.166 5.402 8.14 5
-0.149 5.387 8.179 6
-0.138 5.385 8.202 4
-0.155 5.399 8.179 5
-0.17 5.391 8.225 5
-0.168 5.394 8.241 5
-0.158 5.376 8.234 5
-0.172 5.388 8.201 5
-0.187 5.417 8.224 5
-0.164 5.413 8.188 5
-0.142 5.401 8.159 5
-0.174 5.391 8.188 5
-0.166 5.397 8.252 5
-0.159 5.405 8.237 5
-0.166 5.374 8.23 5
-0.156 5.38 8.274 4
-0.169 5.397 8.236 5
-0.174 5.391 8.221 6
-0.15 5.391 8.218 4
-0.172 5.381 8.216 5
-0.168 5.366 8.241 5
-0.171 5.392 8.2 5
-0.15 5.394 8.213 5
-0.153 5.402 8.193 5
-0.156 5.404 8.247 5
-0.146 5.399 8.223 5
-0.165 5.389 8.225 5
-0.159 5.403 8.257 5
-0.147 5.409 8.259 4
-0.162 5.404 8.226 6
-0.163 5.391 8.213 5
-0.157 5.43 8.235 4
-0.161 5.403 8.216 6
-0.164 5.417 8.248 5
-0.166 5.406 8.218 5
-0.153 5.395 8.228 4
-0.15 5.383 8.219 5
-0.159 5.387 8.209 6
-0.174 5.376 8.231 4
-0.178 5.399 8.239 5
-0.184 5.385 8.246 5
-0.174 5.412 8.251 5
-0.167 5.402 8.214 5
-0.164 5.4 8.228 5
-0.164 5.396 8.224 5
-0.192 5.404 8.221 5
-0.172 5.388 8.243 5
-0.152 5.389 8.238 5
-0.172 5.408 8.214 5
-0.155 5.415 8.222 5
-0.168 5.39 8.231 4
-0.181 5.391 8.233 5
-0.176 5.391 8.248 5
-0.155 5.396 8.227 6
-0.168 5.4 8.243 4
-0.146 5.39 8.25 5
-0.148 5.399 8.246 5
-0.149 5.4 8.226 5
-0.163 5.396 8.23 5
-0.156 5.388 8.189 5
-0.169 5.402 8.235 5
-0.191 5.405 8.221 5
-0.192 5.398 8.213 5
-0.217 5.383 8.236 5
-0.192 5.376 8.235 5
-0.176 5.392 8.23 5
-0.175 5.392 8.22 4
-0.164 5.379 8.232 6
-0.174 5.408 8.225 4
-0.16 5.404 8.198 6
-0.166 5.408 8.161 5
-0.186 5.412 8.211 4
-0.192 5.386 8.2 5
-0.19 5.397 8.198 5
-0.187 5.395 8.218 5
-0.154 5.408 8.209 5
-0.172 5.403 8.204 5
-0.182 5.414 8.224 5
-0.172 5.398 8.225 5
-0.162 5.395 8.224 5
-0.181 5.393 8.212 5
-0.164 5.41 8.207 5
-0.165 5.415 8.23 5
-0.155 5.385 8.169 4
-0.161 5.419 8.195 6
-0.148 5.407 8.214 5
-0.148 5.395 8.206 4
-0.159 5.392 8.216 5
-0.155 5.403 8.192 5
-0.174 5.416 8.192 5
-0.155 5.4 8.217 5
-0.18 5.382 8.22 5
-0.17 5.386 8.228 5
-0.174 5.385 8.233 5
-0.186 5.382 8.231 5
-0.19 5.397 8.234 5
-0.144 5.39 8.254 5
-0.179 5.373 8.226 5
-0.171 5.372 8.242 5
-0.174 5.379 8.256 5
-0.191 5.405 8.242 5
-0.154 5.395 8.252 5
-0.176 5.408 8.281 5
-0.165 5.42 8.155 4
-0.184 5.396 8.216 5
-0.159 5.392 8.245 5
-0.203 5.407 8.18 5
-0.185 5.389 8.221 5
-0.171 5.388 8.252 5
-0.147 5.414 8.194 5
-0.167 5.388 8.248 5
-0.147 5.392 8.247 5
-0.155 5.392 8.207 5
-0.164 5.406 8.35 5
-0.173 5.418 8.221 5
-0.173 5.418 8.221 5
-0.175 5.412 8.24 5
-0.152 5.404 8.17 5
-0.175 5.407 8.234 5
-0.181 5.408 8.24 4
-0.154 5.395 8.185 5
-0.159 5.41 8.213 5
-0.146 5.405 8.237 5
-0.168 5.408 8.179 5
-0.16 5.415 8.252 5
-0.175 5.393 8.188 5
-0.161 5.376 8.21 5
-0.167 5.404 8.153 5
-0.156 5.409 8.255 5
-0.132 5.398 8.241 5
-0.144 5.38 8.25 5
-0.143 5.4 8.23 5
-0.151 5.395 8.227 5
-0.162 5.396 8.154 5
-0.147 5.406 8.249 5
-0.141 5.411 8.219 4
-0.155 5.409 8.216 5
-0.171 5.413 8.23 6
-0.169 5.408 8.189 4
-0.181 5.416 8.237 5
-0.172 5.398 8.194 5
-0.19 5.406 8.269 5
-0.164 5.403 8.216 5
-0.185 5.399 8.218 5
-0.158 5.375 8.235 5
-0.155 5.37 8.211 5
-0.105 5.25 8.23 5
-0.028 5.094 8.219 5
-0.004 5.218 8.23 5
-0.028 5.087 8.223 5
-0.01 4.885 8.214 5
-0.095 5.084 8.157 4
-0.165 5.278 8.239 5
-0.129 5.362 8.209 6
-0.202 5.519 8.238 4
-0.256 5.722 8.265 5
-0.294 5.743 8.222 5
-0.42 5.826 8.288 6
-0.445 5.859 8.282 4
-0.312 5.548 8.242 5
-0.236 5.439 8.215 5
-0.222 5.413 8.229 5
-0.232 5.4 8.218 5
-0.256 5.404 8.217 5
-0.225 5.407 8.235 5
-0.209 5.397 8.228 5
-0.226 5.399 8.226 5
-0.228 5.426 8.21 5
-0.226 5.406 8.259 5
-0.229 5.395 8.21 5
-0.213 5.38 8.234 4
-0.201 5.413 8.255 5
-0.195 5.397 8.234 5
-0.199 5.401 8.212 6
-0.21 5.409 8.194 4
-0.203 5.395 8.201 5
-0.226 5.389 8.214 5
-0.211 5.404 8.238 5
-0.213 5.394 8.207 5
-0.214 5.389 8.231 5
-0.21 5.406 8.209 5
-0.234 5.408 8.222 5
-0.22 5.407 8.237 5
-0.202 5.404 8.223 5
-0.197 5.384 8.226 5
-0.228 5.402 8.219 5
-0.222 5.401 8.209 5
-0.221 5.38 8.221 4
-0.229 5.394 8.234 6
-0.228 5.382 8.209 5
-0.234 5.4 8.239 4
-0.23 5.391 8.228 5
-0.228 5.389 8.245 5
-0.215 5.389 8.244 5
-0.227 5.397 8.228 5
-0.23 5.394 8.224 5
-0.232 5.401 8.204 5
-0.214 5.386 8.247 5
-0.232 5.39 8.241 5
-0.218 5.395 8.212 5
-0.19 5.404 8.16 5
-0.204 5.398 8.176 5
-0.218 5.407 8.214 5
-0.202 5.401 8.213 5
-0.214 5.382 8.205 5
-0.212 5.395 8.228 5
-0.219 5.412 8.207 4
-0.228 5.391 8.209 5
-0.229 5.394 8.213 5
-0.234 5.388 8.234 5
-0.209 5.408 8.23 5
-0.21 5.397 8.229 5
-0.215 5.4 8.223 5
-0.213 5.391 8.218 5
-0.22 5.4 8.225 5
-0.225 5.402 8.22 5
-0.225 5.4 8.236 5
-0.253 5.414 8.226 5
-0.226 5.412 8.23 5
-0.228 5.396 8.243 5
-0.238 5.403 8.231 4
-0.217 5.383 8.23 6
-0.226 5.38 8.224 5
-0.226 5.409 8.227 5
-0.216 5.391 8.204 4
-0.222 5.39 8.211 5
-0.237 5.396 8.186 5
-0.229 5.379 8.223 5
-0.212 5.389 8.223 5
-0.221 5.409 8.226 5
-0.201 5.404 8.207 5
-0.226 5.404 8.174 5
-0.202 5.393 8.179 5
-0.222 5.388 8.209 5
-0.232 5.389 8.221 5
-0.229 5.405 8.215 5
-0.223 5.403 8.221 5
-0.225 5.398 8.22 5
-0.225 5.412 8.263 5
-0.222 5.386 8.231 5
-0.228 5.385 8.237 5
-0.235 5.382 8.223 4
-0.225 5.392 8.224 5
-0.244 5.392 8.255 5
-0.244 5.412 8.231 5
-0.229 5.413 8.215 5
-0.227 5.407 8.2 5
-0.233 5.396 8.213 5
-0.226 5.404 8.19 5
-0.229 5.395 8.236 5
-0.226 5.377 8.21 5
-0.216 5.388 8.214 5
-0.202 5.406 8.225 5
-0.217 5.408 8.229 5
-0.224 5.409 8.201 4
-0.22 5.391 8.213 5
-0.213 5.4 8.194 5
-0.22 5.407 8.213 6
-0.233 5.401 8.233 5
-0.21 5.388 8.222 4
-0.198 5.403 8.206 5
-0.202 5.394 8.198 5
-0.216 5.391 8.246 5
-0.231 5.385 8.245 5
-0.216 5.41 8.262 5
-0.234 5.412 8.207 5
-0.236 5.406 8.228 5
-0.208 5.409 8.251 5
-0.246 5.41 8.237 5
-0.228 5.41 8.228 5
-0.228 5.404 8.241 5
-0.213 5.383 8.215 5
-0.225 5.379 8.17 5
-0.216 5.379 8.211 5
-0.207 5.376 8.2 4
-0.204 5.382 8.201 5
-0.202 5.395 8.23 5
-0.188 5.395 8.209 6
-0.189 5.379 8.209 4
-0.218 5.392 8.214 5
-0.193 5.389 8.228 5
-0.199 5.402 8.216 5
-0.201 5.414 8.189 5
-0.207 5.404 8.195 5
-0.213 5.4 8.212 5
-0.222 5.388 8.198 5
-0.214 5.393 8.233 5
-0.219 5.388 8.23 5
-0.234 5.407 8.212 5
-0.186 5.398 8.21 5
-0.218 5.401 8.186 5
-0.24 5.374 8.215 5
-0.228 5.386 8.249 4
-0.244 5.386 8.23 6
-0.232 5.377 8.222 5
-0.222 5.384 8.222 4
-0.207 5.394 8.171 6
-0.208 5.398 8.197 4
-0.19 5.398 8.191 5
-0.202 5.4 8.189 5
-0.18 5.392 8.207 5
-0.184 5.404 8.199 5
-0.189 5.394 8.188 5
-0.218 5.386 8.246 5
-0.182 5.397 8.228 5
-0.186 5.391 8.221 5
-0.187 5.402 8.245 5
-0.173 5.406 8.196 5
-0.21 5.405 8.2 5
-0.231 5.386 8.254 5
-0.211 5.375 8.225 5
-0.206 5.382 8.252 4
-0.207 5.379 8.267 5
-0.23 5.393 8.225 6
-0.243 5.401 8.215 4
-0.239 5.385 8.222 5
-0.24 5.377 8.255 5
-0.235 5.383 8.251 5
-0.235 5.398 8.218 5
-0.232 5.392 8.197 5
-0.221 5.391 8.18 5
-0.216 5.392 8.169 5
-0.199 5.389 8.197 5
-0.217 5.397 8.203 5
-0.228 5.395 8.216 5
-0.205 5.404 8.238 5
-0.22 5.377 8.23 4
-0.202 5.404 8.237 5
-0.18 5.404 8.266 5
-0.185 5.378 8.215 6
-0.201 5.395 8.242 5
-0.203 5.4 8.222 4
-0.223 5.377 8.213 5
-0.214 5.398 8.22 5
-0.234 5.395 8.191 5
-0.219 5.388 8.176 5
-0.224 5.381 8.207 5
-0.222 5.38 8.201 5
-0.21 5.388 8.216 5
-0.212 5.388 8.212 5
-0.22 5.403 8.209 5
-0.236 5.407 8.239 5
-0.228 5.415 8.215 4
-0.198 5.407 8.191 6
-0.244 5.398 8.213 5
-0.222 5.388 8.229 5
-0.226 5.403 8.208 4
-0.236 5.405 8.198 5
-0.226 5.409 8.224 5
-0.226 5.384 8.246 5
-0.235 5.402 8.225 5
-0.204 5.388 8.203 5
-0.219 5.383 8.206 5
-0.204 5.386 8.195 5
-0.174 5.383 8.241 5
-0.194 5.382 8.231 5
-0.205 5.395 8.219 5
-0.217 5.395 8.243 5
-0.208 5.396 8.242 5
-0.214 5.398 8.233 5
-0.229 5.374 8.209 5
-0.213 5.387 8.228 5
-0.234 5.389 8.204 5
-0.209 5.401 8.198 4
-0.205 5.37 8.225 5
-0.212 5.38 8.216 6
-0.226 5.384 8.233 5
-0.239 5.391 8.243 4
-0.228 5.387 8.231 5
-0.22 5.424 8.212 5
-0.215 5.402 8.23 5
-0.209 5.392 8.195 5
-0.224 5.407 8.212 5
-0.219 5.401 8.235 5
-0.217 5.409 8.216 5
-0.215 5.397 8.21 5
-0.215 5.389 8.207 5
-0.207 5.403 8.23 5
-0.198 5.366 8.225 5
-0.199 5.391 8.217 5
-0.192 5.391 8.203 4
-0.198 5.407 8.187 6
-0.207 5.415 8.201 4
-0.216 5.406 8.215 5
-0.219 5.399 8.215 5
-0.201 5.401 8.177 5
-0.198 5.391 8.184 5
-0.224 5.395 8.201 5
-0.22 5.391 8.237 5
-0.225 5.406 8.238 5
-0.236 5.392 8.23 5
-0.231 5.379 8.242 5
-0.229 5.4 8.24 5
-0.225 5.408 8.225 5
-0.213 5.406 8.195 5
-0.223 5.403 8.212 5
-0.213 5.379 8.218 5
-0.203 5.382 8.222 5
-0.213 5.388 8.222 5
-0.222 5.378 8.259 4
-0.232 5.382 8.242 5
-0.235 5.382 8.204 6
-0.215 5.383 8.213 5
-0.204 5.404 8.204 4
-0.205 5.396 8.232 5
-0.204 5.39 8.185 5
-0.193 5.4 8.22 5
-0.204 5.378 8.209 5
-0.211 5.398 8.208 5
-0.204 5.39 8.21 5
-0.213 5.404 8.221 4
-0.221 5.406 8.195 5
-0.219 5.412 8.211 6
-0.223 5.411 8.242 5
-0.216 5.393 8.204 4
-0.215 5.39 8.204 5
-0.23 5.4 8.224 5
-0.223 5.39 8.214 5
-0.222 5.388 8.194 5
-0.226 5.405 8.195 5
-0.224 5.394 8.221 5
-0.237 5.397 8.224 5
-0.21 5.382 8.224 5
-0.225 5.383 8.22 5
-0.221 5.402 8.225 5
-0.205 5.407 8.224 5
-0.2 5.4 8.2 5
-0.213 5.415 8.228 5
-0.205 5.403 8.227 5
-0.2 5.425 8.236 5
-0.214 5.398 8.207 5
-0.214 5.398 8.207 4
-0.218 5.403 8.222 5
-0.219 5.392 8.216 6
-0.218 5.379 8.238 4
-0.227 5.388 8.254 5
-0.217 5.398 8.212 5
-0.232 5.382 8.238 5
-0.233 5.397 8.235 6
-0.225 5.384 8.19 4
-0.228 5.373 8.18 5
-0.208 5.369 8.187 5
-0.206 5.385 8.197 5
-0.228 5.388 8.206 5
-0.204 5.382 8.224 5
-0.208 5.401 8.219 5
-0.225 5.392 8.229 5
-0.222 5.385 8.204 5
-0.199 5.38 8.253 4
-0.217 5.394 8.209 6
-0.223 5.406 8.228 5
-0.211 5.409 8.2 4
-0.218 5.407 8.219 5
-0.207 5.398 8.237 6
-0.195 5.399 8.229 4
-0.19 5.394 8.232 5
-0.223 5.412 8.228 5
-0.188 5.389 8.209 5
-0.214 5.393 8.222 5
-0.204 5.395 8.241 5
-0.217 5.377 8.217 5
-0.232 5.381 8.208 5
-0.217 5.387 8.206 5
-0.228 5.389 8.216 5
-0.231 5.385 8.211 5
-0.211 5.377 8.205 5
-0.238 5.376 8.216 5
-0.24 5.379 8.223 5
-0.218 5.406 8.228 4
-0.216 5.42 8.253 6
-0.226 5.406 8.239 4
-0.207 5.386 8.222 5
-0.219 5.41 8.216 5
-0.226 5.403 8.224 5
-0.222 5.392 8.237 5
-0.223 5.383 8.249 5
-0.183 5.386 8.228 5
-0.21 5.399 8.224 5
-0.196 5.4 8.22 5
-0.196 5.395 8.201 5
-0.208 5.394 8.185 5
-0.222 5.406 8.191 5
-0.22 5.406 8.168 4
-0.242 5.385 8.206 5
-0.245 5.395 8.203 5
-0.228 5.386 8.218 6
-0.217 5.389 8.186 4
-0.232 5.389 8.167 5
-0.232 5.4 8.225 5
-0.236 5.388 8.209 5
-0.225 5.393 8.218 5
-0.231 5.412 8.205 5
-0.21 5.409 8.257 5
-0.211 5.407 8.261 5
-0.22 5.416 8.242 5
-0.209 5.401 8.225 5
-0.214 5.394 8.23 5
-0.222 5.395 8.255 5
-0.202 5.402 8.223 5
-0.203 5.417 8.22 5
-0.223 5.403 8.221 4
-0.211 5.406 8.22 6
-0.213 5.413 8.255 5
-0.199 5.409 8.257 4
-0.202 5.413 8.228 5
-0.201 5.405 8.225 6
-0.211 5.385 8.207 4
-0.231 5.401 8.219 5
-0.215 5.409 8.223 5
-0.225 5.374 8.18 5
-0.198 5.376 8.244 6
-0.189 5.389 8.249 4
-0.208 5.385 8.244 5
-0.196 5.383 8.215 5
-0.205 5.388 8.233 5
-0.199 5.396 8.188 5
-0.207 5.378 8.203 5
-0.213 5.392 8.238 5
-0.223 5.401 8.255 4
-0.229 5.404 8.237 5
-0.207 5.401 8.189 5
-0.21 5.403 8.224 6
-0.197 5.389 8.214 4
-0.214 5.405 8.209 6
-0.214 5.399 8.252 4
-0.214 5.4 8.251 6
-0.219 5.407 8.222 4
-0.214 5.386 8.23 5
-0.214 5.415 8.227 5
-0.223 5.409 8.218 5
-0.208 5.403 8.265 5
-0.218 5.397 8.237 5
-0.208 5.398 8.212 5
-0.207 5.398 8.223 5
-0.193 5.401 8.188 5
-0.208 5.401 8.23 5
-0.222 5.413 8.218 5
-0.208 5.402 8.227 5
-0.206 5.392 8.247 5
-0.203 5.388 8.234 5
-0.215 5.373 8.213 4
-0.197 5.379 8.24 6
-0.19 5.385 8.215 4
-0.207 5.404 8.234 5
-0.217 5.433 8.242 5
-0.191 5.398 8.221 5
-0.22 5.399 8.198 6
-0.206 5.379 8.219 4
-0.211 5.383 8.209 5
-0.213 5.402 8.206 5
-0.217 5.409 8.227 5
-0.218 5.397 8.172 5
-0.234 5.409 8.197 5
-0.228 5.391 8.215 5
-0.234 5.411 8.218 4
-0.231 5.413 8.212 5
-0.218 5.394 8.197 5
-0.224 5.387 8.23 5
-0.238 5.398 8.253 5
-0.239 5.393 8.204 5
-0.24 5.389 8.239 5
-0.229 5.392 8.215 5
-0.212 5.385 8.254 5
-0.199 5.398 8.206 5
-0.211 5.402 8.203 5
-0.208 5.395 8.216 5
-0.213 5.413 8.227 5
-0.223 5.394 8.182 5
-0.225 5.401 8.257 5
-0.232 5.419 8.218 5
-0.229 5.392 8.248 5
-0.223 5.371 8.258 5
-0.211 5.389 8.233 5
-0.205 5.389 8.217 4
-0.198 5.385 8.245 5
-0.216 5.386 8.228 5
-0.197 5.397 8.202 5
-0.19 5.389 8.189 5
-0.2 5.395 8.192 5
-0.202 5.387 8.214 5
-0.202 5.39 8.206 5
-0.232 5.392 8.223 5
-0.227 5.395 8.218 5
-0.227 5.395 8.218 5
-0.186 5.395 8.231 5
-0.199 5.392 8.195 5
-0.222 5.403 8.226 5
-0.245 5.393 8.213 5
-0.223 5.394 8.191 4
-0.224 5.415 8.201 5
-0.243 5.375 8.185 5
-0.228 5.377 8.215 5
-0.221 5.388 8.215 5
-0.229 5.399 8.212 5
-0.246 5.392 8.194 5
-0.223 5.382 8.176 5
-0.22 5.399 8.196 5
-0.204 5.388 8.231 5
-0.228 5.402 8.19 5
-0.241 5.403 8.222 5
-0.236 5.385 8.213 5
-0.208 5.37 8.245 5
-0.204 5.394 8.228 5
-0.222 5.396 8.224 5
-0.209 5.388 8.218 5
-0.204 5.385 8.241 5
-0.213 5.402 8.222 4
-0.193 5.407 8.19 5
-0.219 5.396 8.23 5
-0.217 5.4 8.192 5
-0.22 5.406 8.216 6
-0.207 5.403 8.218 4
-0.211 5.397 8.223 5
-0.2 5.397 8.228 5
-0.23 5.392 8.226 5
-0.211 5.396 8.241 5
-0.215 5.39 8.217 5
-0.216 5.371 8.211 5
-0.217 5.375 8.207 5
-0.226 5.386 8.2 5
-0.205 5.388 8.196 5
-0.208 5.392 8.243 5
-0.2 5.384 8.206 4
-0.231 5.367 8.204 6
-0.234 5.383 8.2 5
-0.232 5.389 8.237 5
-0.204 5.404 8.233 4
-0.216 5.399 8.204 5
-0.188 5.394 8.192 5
-0.235 5.405 8.206 6
-0.214 5.399 8.231 4
-0.252 5.399 8.241 5
-0.233 5.416 8.231 5
-0.235 5.411 8.217 5
-0.205 5.414 8.241 5
-0.213 5.384 8.247 5
-0.233 5.391 8.217 5
-0.242 5.394 8.213 5
-0.224 5.377 8.223 5
-0.23 5.391 8.215 5
-0.214 5.398 8.198 5
-0.236 5.394 8.185 5
-0.215 5.391 8.207 4
-0.232 5.388 8.261 5
-0.213 5.385 8.235 5
-0.195 5.377 8.216 5
-0.202 5.381 8.225 5
-0.181 5.401 8.238 5
-0.211 5.39 8.222 5
-0.212 5.4 8.227 5
-0.214 5.395 8.238 5
-0.212 5.405 8.221 5
-0.229 5.409 8.235 5
-0.211 5.407 8.21 5
-0.238 5.391 8.212 5
-0.239 5.379 8.21 5
-0.22 5.386 8.235 5
-0.216 5.398 8.219 5
-0.221 5.405 8.197 4
-0.234 5.406 8.179 5
-0.237 5.39 8.208 5
-0.222 5.393 8.2 5
-0.24 5.415 8.225 5
-0.21 5.412 8.232 5
-0.205 5.407 8.233 5
-0.193 5.404 8.222 5
-0.222 5.404 8.247 5
-0.201 5.415 8.23 5
-0.192 5.395 8.223 5
-0.192 5.397 8.201 5
-0.202 5.391 8.206 5
-0.207 5.395 8.231 5
-0.211 5.41 8.209 5
-0.217 5.378 8.216 5
-0.211 5.385 8.213 4
-0.218 5.389 8.243 5
-0.213 5.394 8.23 5
-0.223 5.4 8.189 6
-0.217 5.394 8.17 4
-0.208 5.379 8.206 5
-0.219 5.396 8.209 5
-0.234 5.386 8.236 6
-0.208 5.406 8.259 5
-0.22 5.395 8.24 4
-0.21 5.383 8.229 5
-0.201 5.397 8.227 5
-0.209 5.393 8.225 5
-0.195 5.398 8.217 5
-0.211 5.406 8.203 4
-0.2 5.401 8.228 6
-0.208 5.405 8.229 5
-0.2 5.395 8.192 4
-0.214 5.394 8.217 5
-0.213 5.4 8.215 6
-0.22 5.397 8.212 4
-0.192 5.409 8.212 5
-0.22 5.392 8.226 5
-0.215 5.394 8.207 5
-0.215 5.399 8.21 5
-0.229 5.384 8.227 5
-0.226 5.379 8.216 5
-0.22 5.385 8.2 5
-0.22 5.398 8.212 5
-0.215 5.413 8.183 5
-0.204 5.401 8.2 5
-0.208 5.404 8.224 5
-0.21 5.39 8.225 4
-0.22 5.39 8.237 5
-0.204 5.426 8.243 5
-0.222 5.414 8.239 6
-0.207 5.406 8.221 4
-0.223 5.395 8.209 5
-0.207 5.396 8.168 5
-0.232 5.392 8.227 6
-0.238 5.381 8.222 4
-0.218 5.398 8.214 5
-0.237 5.407 8.196 5
-0.226 5.411 8.209 5
-0.234 5.406 8.225 5
-0.235 5.403 8.236 5
-0.24 5.389 8.201 5
-0.217 5.397 8.202 5
-0.214 5.39 8.222 5
-0.211 5.398 8.206 5
-0.208 5.398 8.216 4
-0.231 5.38 8.211 6
-0.239 5.376 8.227 5
-0.225 5.397 8.221 4
-0.213 5.396 8.228 5
-0.234 5.424 8.224 6
-0.223 5.414 8.197 4
-0.234 5.406 8.252 5
-0.229 5.389 8.228 5
-0.229 5.397 8.217 5
-0.229 5.416 8.215 5
-0.251 5.407 8.179 5
-0.232 5.4 8.171 5
-0.223 5.395 8.188 5
-0.209 5.407 8.197 5
-0.219 5.406 8.221 5
-0.206 5.394 8.198 5
-0.202 5.385 8.217 5
-0.228 5.388 8.21 5
-0.231 5.38 8.234 5
-0.218 5.379 8.248 4
-0.203 5.409 8.182 6
-0.209 5.401 8.239 4
-0.206 5.398 8.217 5
-0.198 5.403 8.234 5
-0.22 5.376 8.22 5
-0.213 5.371 8.236 5
-0.203 5.385 8.211 5
-0.224 5.382 8.225 5
-0.211 5.394 8.226 5
-0.222 5.374 8.213 5
-0.215 5.392 8.227 5
-0.22 5.383 8.224 5
-0.216 5.385 8.219 5
-0.214 5.391 8.215 4
-0.234 5.374 8.201 5
-0.231 5.386 8.207 5
-0.205 5.386 8.221 6
-0.219 5.411 8.231 5
-0.227 5.394 8.223 4
-0.228 5.38 8.207 5
-0.22 5.388 8.219 5
-0.198 5.387 8.222 5
-0.212 5.382 8.225 5
-0.213 5.396 8.206 5
-0.227 5.403 8.207 5
-0.207 5.382 8.2 5
-0.216 5.374 8.197 5
-0.211 5.397 8.217 5
-0.234 5.383 8.222 5
-0.223 5.407 8.196 5
-0.23 5.408 8.218 5
-0.224 5.392 8.211 4
-0.212 5.369 8.197 6
-0.21 5.39 8.222 4
-0.219 5.383 8.225 5
-0.237 5.388 8.254 5
-0.248 5.401 8.24 6
-0.23 5.401 8.22 4
-0.238 5.374 8.201 5
-0.235 5.379 8.224 5
-0.21 5.403 8.214 5
-0.235 5.41 8.217 5
-0.231 5.422 8.195 5
-0.214 5.412 8.221 5
-0.217 5.416 8.211 5
-0.22 5.39 8.233 5
-0.212 5.389 8.225 5
-0.214 5.395 8.222 5
-0.211 5.379 8.218 5
-0.199 5.404 8.231 5
-0.201 5.411 8.242 4
-0.184 5.401 8.228 5
-0.204 5.383 8.224 6
-0.224 5.398 8.235 5
-0.222 5.383 8.238 4
-0.208 5.394 8.224 5
-0.231 5.407 8.213 5
-0.224 5.394 8.236 5
-0.226 5.395 8.209 5
-0.225 5.387 8.24 5
-0.226 5.398 8.217 5
-0.237 5.377 8.222 5
-0.213 5.395 8.247 5
-0.213 5.374 8.255 5
-0.203 5.399 8.249 5
-0.217 5.397 8.242 5
-0.224 5.411 8.24 5
-0.203 5.438 8.251 5
-0.18 5.403 8.255 5
-0.211 5.415 8.183 4
-0.208 5.395 8.221 5
-0.225 5.41 8.233 5
-0.222 5.402 8.236 7
-0.199 5.385 8.218 3
-0.201 5.388 8.257 5
-0.205 5.385 8.237 5
-0.207 5.384 8.231 5
-0.223 5.41 8.229 5
-0.241 5.406 8.235 5
-0.243 5.383 8.216 5
-0.226 5.383 8.196 5
-0.237 5.393 8.216 5
-0.235 5.394 8.22 4
-0.219 5.4 8.233 5
-0.216 5.414 8.213 6
-0.221 5.408 8.228 4
-0.235 5.394 8.225 6
-0.214 5.399 8.241 4
-0.223 5.373 8.241 5
-0.217 5.407 8.221 6
-0.208 5.391 8.264 4
-0.205 5.394 8.245 5
-0.204 5.386 8.229 5
-0.216 5.376 8.203 5
-0.206 5.388 8.248 5
-0.199 5.395 8.226 5
-0.223 5.382 8.247 5
-0.211 5.376 8.261 5
-0.223 5.38 8.258 5
-0.231 5.395 8.217 5
-0.213 5.407 8.191 5
-0.213 5.414 8.185 5
-0.211 5.412 8.212 5
-0.202 5.384 8.224 4
-0.216 5.412 8.211 5
-0.209 5.395 8.206 5
-0.22 5.373 8.22 5
-0.229 5.373 8.19 5
-0.222 5.382 8.188 5
-0.22 5.398 8.198 5
-0.204 5.404 8.184 5
-0.191 5.408 8.217 5
-0.205 5.385 8.236 5
-0.241 5.396 8.2 5
-0.211 5.39 8.225 5
-0.213 5.391 8.228 5
-0.22 5.39 8.243 5
-0.216 5.4 8.225 5
-0.222 5.403 8.251 5
-0.226 5.391 8.235 5
-0.205 5.372 8.212 5
-0.209 5.383 8.2 4
-0.213 5.38 8.212 5
-0.208 5.377 8.204 5
-0.223 5.395 8.163 5
-0.216 5.394 8.207 6
-0.198 5.374 8.237 4
-0.204 5.415 8.221 5
-0.213 5.406 8.217 5
-0.207 5.401 8.24 5
-0.2 5.409 8.231 5
-0.219 5.404 8.2 5
-0.206 5.401 8.215 5
-0.212 5.374 8.183 5
-0.217 5.403 8.254 5
-0.209 5.386 8.264 5
-0.24 5.392 8.232 4
-0.236 5.403 8.217 5
-0.23 5.407 8.252 5
-0.226 5.379 8.291 5
-0.222 5.366 8.333 5
-0.216 5.406 8.321 5
-0.216 5.393 8.3 5
-0.224 5.402 8.363 5
-0.251 5.312 8.449 5
-0.381 4.898 8.18 5
-0.278 4.833 7.657 5
-0.206 4.855 8.454 5
-0.257 4.812 8.247 5
0.456 3.584 6.454 5
0.644 2.992 8.49 5
0.548 3.044 8.611 5
-0.184 2.17 8.95 4
-0.275 1.634 8.038 6
-0.204 1.72 8.183 5
-0.214 1.731 8.28 4
-0.183 1.775 8.279 6
-0.177 1.78 8.163 4
-0.156 1.818 8.252 5
-0.209 1.807 8.285 5
-0.201 1.863 8.204 5
-0.183 1.887 8.262 5
-0.18 1.844 8.222 5
-0.201 1.889 8.225 5
-0.18 1.898 8.299 5
-0.203 1.884 8.132 5
-0.21 1.834 8.234 5
-0.204 1.852 8.196 5
-0.221 1.782 8.223 6
-0.232 1.795 8.247 4
-0.253 1.75 8.229 5
-0.254 1.738 8.252 4
-0.246 1.69 8.208 6
-0.257 1.699 8.262 4
-0.241 1.673 8.221 5
-0.222 1.668 8.29 5
-0.243 1.67 8.143 6
-0.262 1.683 8.324 4
-0.239 1.71 8.265 5
-0.246 1.802 8.254 5
-0.246 1.828 8.259 5
-0.247 1.883 8.303 5
-0.254 1.901 8.176 5
-0.235 1.85 8.265 5
-0.236 1.865 8.298 5
-0.219 1.801 8.176 5
-0.204 1.686 8.251 5
-0.226 1.616 8.109 5
-0.219 1.664 8.247 5
-0.221 1.72 8.319 5
-0.214 1.768 8.136 4
-0.205 1.734 8.143 5
-0.197 1.754 8.188 6
-0.198 1.714 8.195 4
-0.21 1.698 8.212 5
-0.227 1.725 8.258 5
-0.199 1.651 8.186 5
-0.21 1.668 8.254 6
-0.242 1.69 8.249 4
-0.244 1.683 8.099 5
-0.222 1.663 8.186 5
-0.216 1.713 8.256 5
-0.228 1.817 8.091 5
-0.198 1.916 8.108 5
-0.219 1.935 8.137 5
-0.188 1.988 8.063 5
-0.205 2.079 8.145 4
-0.174 2.04 8.115 5
-0.139 2.067 8.14 6
-0.141 2.063 8.163 5
-0.157 2.117 8.058 4
-0.173 2.058 8.294 5
-0.132 1.863 8.079 5
-0.131 1.924 8.074 5
-0.131 1.96 8.259 5
-0.149 1.909 8.183 5
-0.154 1.836 8.205 5
-0.19 1.903 8.41 5
-0.196 1.988 8.31 5
-0.175 1.918 8.274 5
-0.22 1.86 8.15 5
-0.211 1.72 8.05 5
-0.19 1.851 8.257 5
-0.196 1.817 8.15 4
-0.208 1.88 8.131 6
-0.209 1.863 8.274 5
-0.226 1.935 8.088 4
-0.211 1.812 8.054 5
-0.204 1.796 8.165 5
-0.187 1.813 8.106 5
-0.172 1.877 8.099 5
-0.175 1.726 8.138 5
-0.18 1.738 8.107 5
-0.212 1.82 8.175 5
-0.166 1.832 8.064 5
-0.19 1.865 8.158 5
-0.168 1.889 8.227 5
-0.184 1.812 8.109 5
-0.167 1.774 8.102 5
-0.157 1.86 8.166 5
-0.149 1.829 8.185 5
-0.143 1.847 8.237 5
-0.113 1.881 8.088 4
-0.132 1.865 8.147 5
-0.114 1.774 8.043 6
-0.132 1.77 8.13 4
-0.1 1.799 8.241 5
-0.109 1.818 8.172 5
-0.134 1.804 8.029 5
-0.141 1.828 8.096 5
-0.135 1.784 8.118 5
-0.134 1.787 7.986 5
-0.121 1.784 8.16 5
-0.114 1.768 8.156 5
-0.121 1.754 8.187 5
-0.105 1.763 8.13 5
-0.088 1.855 8.248 5
-0.111 1.83 8.189 5
-0.107 1.801 8.075 5
-0.104 1.793 8.204 5
-0.098 1.754 8.116 5
-0.088 1.78 8.191 5
-0.087 1.885 8.176 4
-0.093 1.851 8.134 5
-0.065 1.784 8.076 6
-0.047 1.802 8.128 4
-0.049 1.714 8.05 5
-0.062 1.661 8.192 5
-0.064 1.641 8.182 5
-0.058 1.559 7.946 5
-0.068 1.489 8.249 5
-0.03 1.477 8.342 5
-0.05 1.547 8.306 5
-0.038 1.561 8.189 5
-0.001 1.692 8.194 4
-0.021 1.651 8.09 5
-0.015 1.666 8.104 6
-0.005 1.784 8.113 5
-0.004 1.825 8.246 4
0.02 1.804 8.179 5
0.038 1.798 8.224 6
0.005 1.799 8.253 4
0.004 1.895 8.243 5
0.006 1.857 8.203 5
0.019 1.78 8.292 5
-0.007 1.718 8.259 5
0.012 1.69 8.341 5
0.028 1.686 8.264 5
0.003 1.598 8.234 5
0.01 1.519 8.358 5
-0.007 1.519 8.268 5
0.0 1.593 8.251 5
0.036 1.565 8.266 5
0.009 1.492 8.288 5
0.017 1.447 8.318 5
0.005 1.376 8.247 4
-0.004 1.24 8.203 6
-0.013 1.224 8.194 5
-0.033 1.131 8.095 4
-0.052 0.985 8.075 5
-0.078 0.828 8.019 5
-0.091 0.754 7.969 5
-0.111 0.748 7.833 5
-0.134 0.651 7.594 5
-0.147 0.547 7.458 5
-0.133 0.422 7.046 5
-0.133 0.422 7.046 5
-0.134 0.411 6.912 5
-0.117 0.33 6.898 5
-0.14 0.357 7.098 5
-0.107 0.36 7.127 5
-0.075 0.414 7.357 4
-0.05 0.457 7.186 6
0.017 0.618 7.58 5
0.086 0.893 7.691 4
0.17 1.471 7.786 5
0.275 2.082 8.064 6
0.333 2.572 8.231 4
0.396 2.902 8.321 5
0.432 3.195 8.555 5
0.493 3.522 8.746 5
0.557 3.652 9.171 5
0.499 3.647 9.337 5
0.535 3.772 9.307 5
0.597 3.942 9.363 5
0.697 4.349 9.53 5
0.774 4.757 10.259 5
0.923 5.372 10.821 5
0.881 5.32 11.119 5



# Completed @Wed Sep 20 13:23:21 GMT+02:00 2017
